 3.90747e+00  2.52929e-01 -4.93093e-08  8.00000e-02
 3.79813e+00  2.72596e-01 -6.95980e-08  9.43574e-02
 3.69165e+00  2.93568e-01 -6.95131e-08  1.11291e-01
 3.58754e+00  3.15890e-01 -4.64520e-08  1.31265e-01
 3.48652e+00  3.39604e-01 -7.06748e-08  1.54822e-01
 3.38780e+00  3.64744e-01 -4.58343e-08  1.82608e-01
 3.29131e+00  3.91338e-01 -5.14373e-08  2.15380e-01
 3.19729e+00  4.19404e-01 -5.01616e-08  2.54034e-01
 3.10610e+00  4.48948e-01 -1.99318e-08  2.99625e-01
 3.01603e+00  4.79967e-01 -5.06877e-08  3.53398e-01
 2.92869e+00  5.12444e-01 -6.97083e-08  4.16821e-01
 2.84355e+00  5.46347e-01 -1.44153e-08  4.91627e-01
 2.75998e+00  5.81630e-01 -6.49415e-08  5.79858e-01
 2.67858e+00  6.18235e-01 -6.51520e-08  6.83923e-01
 2.59903e+00  6.56085e-01 -4.82867e-08  8.06665e-01
 2.52140e+00  6.95090e-01 -6.47855e-08  9.51436e-01
 2.44549e+00  7.35146e-01 -5.70361e-08  1.12219e+00
 2.37135e+00  7.76136e-01 -1.37042e-08  1.32358e+00
 2.29903e+00  8.17931e-01 -6.52436e-08  1.56112e+00
 2.22817e+00  8.60390e-01 -7.17192e-09  1.84129e+00
 2.15906e+00  9.03367e-01 -4.90154e-08  2.17175e+00
 2.09154e+00  9.46708e-01 -5.99365e-08  2.56150e+00
 2.02575e+00  9.90256e-01 -7.42167e-08  3.02121e+00
 1.96113e+00  1.03385e+00 -5.62181e-08  3.56342e+00
 1.89823e+00  1.07734e+00 -7.02468e-08  4.20294e+00
 1.83680e+00  1.12056e+00 -6.84656e-08  4.95723e+00
 1.77681e+00  1.16337e+00 -4.70687e-08  5.84689e+00
 1.71829e+00  1.20562e+00 -6.49585e-08  6.89622e+00
 1.66119e+00  1.24717e+00 -6.61128e-08  8.13386e+00
 1.60544e+00  1.28791e+00 -5.69976e-08  9.59363e+00
 1.55111e+00  1.32773e+00 -4.71429e-08  1.13154e+01
 1.49811e+00  1.36651e+00 -4.39298e-08  1.33461e+01
 1.44650e+00  1.40417e+00 -2.01174e-08  1.57413e+01
 1.39614e+00  1.44064e+00 -5.63987e-08  1.85664e+01
 1.34711e+00  1.47585e+00 -7.85193e-08  2.18984e+01
 1.29937e+00  1.50974e+00 -7.59207e-08  2.58285e+01
 1.25290e+00  1.54228e+00 -6.87553e-08  3.04638e+01
 1.20767e+00  1.57345e+00 -7.17803e-08  3.59311e+01
 1.16366e+00  1.60321e+00 -4.72816e-08  4.23796e+01
 1.12088e+00  1.63157e+00 -7.23360e-08  4.99853e+01
 1.07931e+00  1.65852e+00 -7.03693e-08  5.89560e+01
 1.03886e+00  1.68409e+00 -5.19741e-08  6.95367e+01
 9.99608e-01  1.70827e+00 -7.05955e-08  8.20163e+01
 9.61484e-01  1.73110e+00 -6.26350e-08  9.67356e+01
 9.24493e-01  1.75261e+00 -4.32860e-08  1.14096e+02
 8.88593e-01  1.77284e+00 -5.98539e-08  1.34573e+02
 8.53788e-01  1.79181e+00 -4.54475e-08  1.58725e+02
 8.20040e-01  1.80958e+00 -7.72768e-08  1.87210e+02
 7.87343e-01  1.82619e+00 -6.29787e-08  2.20809e+02
 7.55674e-01  1.84169e+00 -4.78807e-08  2.60437e+02
 7.25019e-01  1.85613e+00 -6.35407e-08  3.07176e+02
 6.95353e-01  1.86955e+00 -5.18040e-08  3.62305e+02
 6.66660e-01  1.88202e+00 -5.78649e-08  4.27327e+02
 6.38921e-01  1.89357e+00 -6.34357e-08  5.04018e+02
 6.12117e-01  1.90425e+00 -7.05761e-08  5.94473e+02
 5.86227e-01  1.91413e+00 -6.06338e-08  7.01161e+02
 5.61235e-01  1.92324e+00 -6.98443e-08  8.26997e+02
 5.37118e-01  1.93163e+00 -6.22580e-08  9.75416e+02
 5.13862e-01  1.93936e+00 -6.79260e-08  1.15047e+03
 4.91438e-01  1.94646e+00 -5.04351e-08  1.35694e+03
 4.69835e-01  1.95297e+00 -6.32567e-08  1.60047e+03
 4.49031e-01  1.95894e+00 -4.18470e-08  1.88770e+03
 4.29006e-01  1.96441e+00 -7.06395e-08  2.22648e+03
 4.09740e-01  1.96941e+00 -4.39751e-08  2.62606e+03
 3.91215e-01  1.97397e+00 -7.89570e-08  3.09736e+03
 3.73408e-01  1.97814e+00 -4.40908e-08  3.65323e+03
 3.56303e-01  1.98194e+00 -6.07882e-08  4.30887e+03
 3.39878e-01  1.98540e+00 -6.13987e-08  5.08217e+03
 3.24114e-01  1.98854e+00 -4.49394e-08  5.99426e+03
 3.08993e-01  1.99140e+00 -4.51845e-08  7.07003e+03
 2.94492e-01  1.99400e+00 -5.27998e-08  8.33887e+03
 2.80595e-01  1.99636e+00 -4.16897e-08  9.83542e+03
 2.67283e-01  1.99850e+00 -7.32529e-08  1.16006e+04
 2.54535e-01  2.00044e+00 -6.26950e-08  1.36825e+04
 2.42334e-01  2.00219e+00 -4.46454e-08  1.61380e+04
 2.30661e-01  2.00378e+00 -6.99093e-08  1.90343e+04
 2.19498e-01  2.00521e+00 -5.92925e-08  2.24503e+04
 2.08827e-01  2.00651e+00 -5.53978e-08  2.64794e+04
 1.98630e-01  2.00768e+00 -6.28951e-08  3.12316e+04
 1.88890e-01  2.00874e+00 -6.23166e-08  3.68367e+04
 1.79590e-01  2.00969e+00 -7.87897e-08  4.34477e+04
 1.70714e-01  2.01055e+00 -7.06346e-08  5.12451e+04
 1.62244e-01  2.01133e+00 -4.05974e-08  6.04420e+04
 1.54166e-01  2.01203e+00 -6.05757e-08  7.12893e+04
 1.46464e-01  2.01266e+00 -7.62559e-08  8.40835e+04
 1.39123e-01  2.01323e+00 -6.24059e-08  9.91737e+04
 1.32127e-01  2.01374e+00 -6.98712e-08  1.16972e+05
 1.25463e-01  2.01420e+00 -4.88251e-08  1.37965e+05
 1.19117e-01  2.01461e+00 -6.81950e-08  1.62725e+05
 1.13075e-01  2.01498e+00 -6.09647e-08  1.91929e+05
 1.07324e-01  2.01531e+00 -6.96601e-08  2.26374e+05
 1.01852e-01  2.01561e+00 -6.06852e-08  2.67001e+05
 9.66469e-02  2.01588e+00 -5.30716e-08  3.14919e+05
 9.16960e-02  2.01612e+00 -5.92933e-08  3.71436e+05
 8.69885e-02  2.01634e+00 -7.78237e-08  4.38097e+05
 8.25133e-02  2.01654e+00 -7.07461e-08  5.16721e+05
 7.82598e-02  2.01671e+00 -4.98081e-08  6.09456e+05
 7.42179e-02  2.01687e+00 -8.68201e-09  7.18833e+05
 7.03777e-02  2.01701e+00 -6.28310e-08  8.47840e+05
 6.67300e-02  2.01714e+00 -4.80554e-08  1.00000e+06
